10076
60731
32276
44832
48420
29598
99447
55967
67547
51708
76430
54320
71496
50405
45425
22411
34928
16659
83352
24429
60600
14712
81998
36641
55510
63323
26963
99701
17170
81359
32923
26609
37289
21125
62438
47966
98051
18419
37988
39550
40792
93697
40871
31950
72919
45189
61671
17575
53283
61345
56310
37396
75489
69947
45768
51177
36151
61447
50682
10145
60420
11719
29085
72730
18187
48052
74984
76773
15921
99645
94584
52320
81384
82042
57889
41129
81640
72817
79788
92412
35950
46009
96995
35491
69160
70949
32858
65911
38225
37642
67769
84755
13109
61275
83873
25601
64814
66397
84917
83993
54695
86030
37236
35636
36121
62510
81862
59630
75672
10092
42585
97705
22001
84032
31212
29725
66768
69245
46937
38626
51813
20787
55741
21006
31096
75325
96086
51740
72783
66215
93258
34905
47483
47350
85521
80377
65308
37614
26041
73163
24171
90730
68858
80703
50146
32916
28432
52371
16503
44542
45995
68805
37126
61053
91148
84453
16752
45724
76312
53779
31061
82308
14326
34991
78260
42718
99245
59284
88861
47979
42085
54200
51225
65774
64633
67278
89620
32481
43480
59559
86413
83162
90771
77238
73941
77226
60643
96876
65925
49106
33266
50075
17569
59914
97238
40813
89898
69293
71643
61844
91024
25948
77004
43350
37256
34750
89957
96055
39451
84613
78468
36686
35116
39735
68732
41615
41701
82215
45544
37281
90802
26324
22588
84137
54436
27264
15099
84072
86811
40302
91485
58858
50025
82491
20726
13204
22122
37828
39665
59145
84837
54953
39902
17097
60781
48289
34746
25605
17848
31095
53492
77189
72404
86806
25662
11065
99755
78452
96110
59530
84500
80335
32437
71261
14534
82193
56310
79667
69053
34139
23431
47267
57978
80584
47328
44604
11473
75870
42978
19920
95815
49681
26000
72494
86534
48808
26403
73743
60000
87232
63056
41498
19678
77408
48249
98623
16768
62729
43845
71732
34737
48647
39851
52732
24912
98163
61231
81591
43640
98149
19469
30534
87587
81403
37826
36840
14814
97814
38148
53604
72702
68141
26327
28800
74244
18785
63936
60185
43756
37181
92293
40534
35175
67782
76528
77464
83372
85574
57703
18991
71909
39755
80004
80196
26715
19774
43411
75018
44142
10517
57643
17801
88995
58763
17662
77792
59446
68302
47337
87181
83536
25793
39912
21779
32543
71853
27967
37162
12622
95643
87195
33756
58122
72404
83404
54349
73905
66936
96585
62300
69446
46183
69480
12671
89907
83437
55433
57726
54641
30116
90844
70626
87012
80398
84271
96204
17458
46778
99323
50840
14583
71915
83506
18123
40880
86950
37271
53006
81402
59409
55461
96488
15470
43461
85666
31476
73203
82346
90404
11468
90297
26644
83148
84472
71125
76192
59798
62955
29735
81580
48289
68164
80099
40497
81703
33864
12062
20238
33089
73523
85335
28160
91132
73770
21137
17834
49991
66771
45598
92302
79238
85999
68388
33251
10583
76858
83309
83952
14553
99284
12181
61501
41193
60923
21293
39464
41012
46576
23226
54226
78798
77806
85605
77762
62767
35480
91568
91817
87091
70803
14296
39577
83128
29235
55935
47262
25181
38467
36271
21328
50661
14589
48279
13734
85306
15184
30848
95840
42361
77548
